3.656165081521738913e-01
5.070906929347825942e-01
5.787194293478260532e-01
6.455502717391304879e-01
6.953125000000000000e-01
7.507642663043477826e-01
7.940726902173913526e-01
8.326256793478260532e-01
8.704993206521739468e-01
8.955078125000000000e-01
9.221297554347825942e-01
9.342730978260869179e-01
9.504076086956522174e-01
9.603006114130434590e-01
9.699813179347825942e-01
9.757557744565217295e-01
9.796195652173913526e-01
9.828040081521739468e-01
9.863281250000000000e-01
9.878141983695651884e-01
