5.422500018030405045e-01
5.872500021010637061e-01
6.195000071078539117e-01
6.505000077188014540e-01
6.652500033378601074e-01
6.852500051259994285e-01
6.952500008046627045e-01
7.182500027120113373e-01
7.432500004768372026e-01
7.574999973177909407e-01
7.674999974668026415e-01
7.979999944567680581e-01
8.194999985396862474e-01
8.357499957084655318e-01
8.512499973177909407e-01
8.699999943375587019e-01
8.884999945759772810e-01
8.954999938607215437e-01
9.252499923110008018e-01
9.172499991953373399e-01
9.379999987781048043e-01
9.432499974966048750e-01
9.575000002980231795e-01
8.137499950826168060e-01
8.774999968707561937e-01
8.967499963939189467e-01
9.282499954104423967e-01
9.479999981820583788e-01
9.549999982118606567e-01
9.697500005364417808e-01
8.317499943077564240e-01
8.939999945461749586e-01
9.234999932348728624e-01
9.450000002980232239e-01
9.544999971985816956e-01
9.752500012516975847e-01
