3.272344559585492196e-01
4.648639896373056857e-01
5.095935880829015607e-01
5.436366580310880714e-01
5.749676165803109251e-01
6.020077720207254179e-01
6.230569948186528428e-01
6.561285621761657749e-01
6.738989637305698999e-01
7.007367227979274249e-01
7.189119170984455964e-01
7.397992227979274249e-01
7.595126295336787070e-01
7.836382772020725751e-01
7.958225388601036787e-01
8.112046632124352286e-01
8.328610751295336678e-01
8.463001943005181715e-01
8.609132124352331106e-01
8.710330310880829430e-01
8.820433937823833892e-01
8.982755829015544036e-01
9.069381476683937571e-01
9.109860751295336678e-01
9.234941709844559643e-01
9.303756476683937571e-01
9.360832253886010035e-01
9.424384715025906356e-01
9.481055699481865107e-01
